500
3
58579 62616 63772 
58697 62978 64247 
2
0 1
0 1 2
2
120816 122275 
120888 122316 
2
1 2
2
3
181292 182931 185139 
181710 183134 185392 
2
0
1
3
247947 248419 250812 
248083 248761 251273 
2
2
1 2 3
3
494312 495999 501095 
494570 496220 501244 
2
1 2 3
1 2
3
746432 749252 749791 
746511 749604 750117 
1
0 2 3
3
938694 943370 944958 
939173 943610 945287 
1
2
2
1174445 1177385 1178264 
1174540 1177501 1178646 
1
0
1
1231403 1235328 
1231706 1235757 
0
1
1419465 
1419830 
0
3
1469873 1472259 1477443 
1470006 1472719 1477708 
2
0 1 2
0 2
2
1594373 1599547 
1594658 1599611 
2
0
2
1
1715408 
1715785 
0
4
1832691 1835181 1838774 1839984 
1832850 1835603 1839009 1840297 
1
0
3
1898387 1901141 1904658 
1898535 1901482 1904690 
2
0 1 2
0 2
3
1963413 1966522 1970893 
1963557 1966863 1971260 
2
1 2 3
1
3
2216593 2221597 2225690 
2216620 2221764 2225891 
2
0 1 3
0 1
2
2286190 2287499 
2286665 2287778 
1
1 2
1
2339863 2344762 
2340192 2345219 
0
3
2400350 2401470 2403038 
2400552 2401791 2403294 
2
3
2
2
2586520 2589347 
2586854 2589467 
2
0 2
0
4
2700476 2701735 2705489 2709329 
2700541 2702087 2705962 2709711 
1
1 3 4
1
2881577 2885001 
2881720 2885165 
0
1
2946888 
2946938 
0
3
3119281 3123077 3131268 
3119590 3123440 3131449 
1
2
3
3249959 3252366 3255099 
3250048 3252621 3255237 
2
1 2
0 1 2
2
3320081 3325123 
3320431 3325300 
2
0 1
1
1
3503793 
3503927 
0
4
3562927 3566961 3574664 3578510 
3563046 3567178 3575090 3578756 
1
2 3
3
3629553 3631987 3635475 
3629784 3632257 3635724 
2
0 1 3
0
2
3810021 3813233 
3810419 3813474 
2
0 1
1
2
3865011 3865342 
3865104 3865594 
2
0 1
1
3
3922840 3927510 3932438 
3923224 3927916 3932872 
2
0 1 3
0 1
2
4038417 4042579 
4038910 4042704 
1
0 2
2
4095366 4100593 4100942 
4095632 4100825 4101421 
1
1 2
2
4153678 4158642 4161577 
4153984 4159089 4161746 
2
1
0 1
2
4971331 4973114 
4971578 4973436 
1
0 1
2
5026615 5031429 5036037 
5026835 5031735 5036290 
1
2
3
5415934 5420560 5421452 
5416166 5421026 5421857 
2
2
1 2 3
1
5486921 
5486951 
0
3
5861230 5863545 5865060 
5861406 5863966 5865557 
1
0 2
3
5918309 5919849 5921740 
5918451 5919985 5921962 
2
0
0 1
3
5982226 5986212 5991009 
5982312 5986400 5991122 
2
0 1 2
2
3
6106965 6107336 6109178 
6107201 6107724 6109293 
2
0
0 1 2
1
6173656 
6174097 
0
2
6224731 6229839 
6225015 6230025 
2
0 1
1
1
6293494 
6293748 
0
2
6410608 6411434 
6411087 6411535 
2
1 2
1
3
6533142 6534786 6537676 
6533424 6535177 6538044 
1
0
3
6784422 6785957 6788319 
6784681 6786010 6788707 
2
0 2
0
3
6901636 6904519 6904787 
6901888 6904726 6904902 
1
0 2 3
2
7095105 7095683 7099340 
7095322 7096142 7099829 
2
0 2
0
1
7270479 
7270568 
0
2
7328870 7329897 
7329230 7330205 
1
1
3
7559687 7564819 7569720 
7560095 7564874 7570120 
2
1 2
1 2 3
2
7900816 7905086 
7901172 7905187 
2
2
0
3
7960216 7963982 7968069 
7960369 7964052 7968200 
1
2
2
8027633 8029021 8031019 
8027804 8029493 8031321 
2
1 2
2
2
8444713 8447905 
8444998 8448294 
1
0 2
2
8562880 8567384 8570757 
8563155 8567736 8571140 
2
0 1
1
3
8632479 8635666 8638188 
8632532 8635996 8638518 
2
2
0 1 2
3
8692812 8694805 8699753 
8692898 8695119 8699864 
2
1
1 2 3
4
8812812 8816163 8817316 8822358 
8813030 8816471 8817387 8822410 
1
2
2
8878086 8881503 8884045 
8878535 8881586 8884079 
2
1 2
2
2
9071006 9074806 
9071183 9075005 
2
2
1 2
1
9315778 
9315887 
0
3
9374804 9378244 9384324 
9375090 9378350 9384752 
2
2
0
2
9439763 9444002 
9440254 9444236 
1
0 1
2
9561772 9565805 9569470 
9561977 9566091 9569569 
1
1
3
9627151 9631388 9636334 
9627547 9631624 9636384 
2
0 1 2
0
3
9693360 9695337 9696161 
9693483 9695680 9696516 
2
1 2
3
3
9753204 9755535 9759848 
9753605 9755776 9759962 
1
2 3
1
9871044 9872907 
9871490 9873113 
0
3
9998663 9999884 10000643 
9999151 10000376 10001078 
1
1 2 3
1
10260346 10264927 
10260697 10265311 
0
3
10386473 10387310 10391877 
10386704 10387793 10392141 
2
0 2
0
2
10449720 10452230 
10449860 10452263 
2
0 1
1
4
10759462 10760524 10762306 10764570 
10759647 10760889 10762687 10764793 
1
1 3 4
2
10884863 10886403 10890676 
10885323 10886664 10891173 
1
1
3
11063243 11068088 11068558 
11063485 11068229 11068659 
2
3
0 3
2
11130236 11131602 
11130257 11131946 
2
0 1
1
2
11249807 11254917 
11250257 11255353 
2
1 2
1
3
11364280 11368804 11370483 
11364707 11369165 11370535 
1
2
3
11855935 11858894 11859509 
11856361 11858924 11859992 
1
1
3
11919507 11922848 11926679 
11919793 11923050 11926937 
2
1 3
0 1
4
11986035 11989671 11991960 11996573 
11986483 11989802 11992094 11996806 
1
4
3
12109828 12110460 12114489 
12109993 12110943 12114822 
2
0 2
0
4
12176257 12180396 12183827 12188327 
12176600 12180416 12184244 12188748 
1
0
3
12361639 12362691 12367082 
12362075 12362847 12367310 
2
0 1 3
1 3
2
12484445 12487988 
12484803 12488459 
1
0 1
3
12539766 12544869 12549187 
12539994 12545075 12549440 
2
2
0 2 3
3
12735403 12740445 12741923 
12735647 12740550 12742125 
1
0 2
3
12861845 12866862 12869300 
12862235 12866932 12869372 
1
0 2 3
2
13051541 13052527 13054806 
13051850 13052791 13055018 
1
1
4
13112746 13115539 13119221 13125751 
13112976 13115607 13119529 13126023 
1
0 1 2 4
3
13181826 13182993 13186872 
13182187 13183071 13187332 
1
1 2 3
2
13249267 13250289 13254946 
13249618 13250683 13255071 
2
0 1
0
2
13371309 13373070 
13371338 13373317 
1
2
3
13492586 13494342 13498771 
13493049 13494597 13498828 
2
0 1 2
0
2
13618933 13621854 
13619411 13621943 
2
0 1
1
3
13928178 13930305 13933379 
13928555 13930552 13933868 
2
1
0 1 3
2
14049585 14052950 
14049912 14053191 
2
1 2
2
1
14113600 
14113873 
0
3
14167502 14171973 14178376 
14167551 14172127 14178703 
1
0 1 2
3
14232526 14233806 14234817 
14232623 14234069 14235215 
2
1
3
3
14297892 14301135 14304349 
14298280 14301502 14304836 
1
0
3
14358589 14363643 14365993 
14358828 14363906 14366363 
1
0 1
3
15047188 15052309 15052943 
15047362 15052643 15053094 
1
1
2
15114780 15118061 15123088 
15114924 15118358 15123115 
2
0
2
3
15358908 15363625 15368973 
15359179 15364009 15369389 
2
3
0 2 3
2
15428346 15429863 
15428800 15430139 
2
1 2
1
1
15488781 
15489263 
0
3
15601216 15603808 15607197 
15601581 15604003 15607654 
2
0 1 3
0 3
3
15854797 15856647 15859311 
15855250 15857056 15859780 
2
0 2 3
0 3
2
15988688 15992908 
15989059 15992969 
1
1 2
1
16044759 16045964 
16045025 16046446 
0
1
16166051 
16166227 
0
4
16287831 16289268 16295179 16298441 
16288040 16289414 16295421 16298829 
1
0 4
2
16353763 16358394 16360961 
16354105 16358613 16361140 
2
1 2
2
2
16420005 16421300 
16420127 16421740 
2
0
0 2
1
16481338 
16481512 
0
3
16534809 16538641 16544188 
16535082 16539060 16544588 
2
0 1 2
2
2
16792181 16795459 
16792215 16795896 
2
2
1 2
3
16918082 16920630 16925604 
16918506 16921068 16925965 
2
0
0 2 3
3
17102322 17103470 17104134 
17102820 17103861 17104534 
2
0
0 2
2
17160567 17161323 
17161007 17161474 
1
2
1
17212203 17215212 
17212551 17215359 
0
3
17530181 17530736 17531561 
17530551 17531153 17532034 
2
1 2 3
2 3
3
17586424 17587447 17588755 
17586837 17587912 17588859 
1
0 3
3
17647348 17651076 17653958 
17647453 17651455 17654322 
2
1 3
0 1 3
3
17716555 17720741 17724457 
17716660 17721210 17724756 
2
0 1
1 3
4
17775562 17779856 17781999 17786789 
17775708 17780173 17782125 17787131 
1
0 1 2
2
17846434 17850199 17854361 
17846555 17850611 17854563 
2
0
0 1
3
18092433 18096320 18097300 
18092911 18096645 18097637 
2
0
2 3
2
18154305 18155065 
18154572 18155267 
1
0 2
2
18206123 18210956 18215154 
18206594 18211428 18215187 
2
0 2
2
4
18331356 18332762 18337938 18341129 
18331698 18333213 18338076 18341475 
1
2
4
18758434 18760818 18765172 18769050 
18758883 18761057 18765452 18769355 
1
1 2 4
2
18880537 18883856 18887328 
18880616 18883879 18887677 
2
0 2
2
2
19186479 19190249 
19186883 19190442 
1
1
2
19499677 19503116 19505200 
19499958 19503430 19505394 
1
0
2
19624424 19627126 19629003 
19624887 19627283 19629408 
2
0 2
2
2
19926523 19928706 
19926789 19929125 
2
1 2
1
4
20048545 20050838 20052624 20056416 
20048703 20051047 20052707 20056734 
1
1
4
20108918 20110795 20111360 20115941 
20109248 20111141 20111843 20116333 
1
0
2
20358769 20363479 20365407 
20359129 20363576 20365832 
1
0
2
20424355 20426405 20429753 
20424428 20426896 20430072 
2
0
2
2
20483542 20485555 
20484002 20486042 
1
0 1
2
20601850 20606727 20607890 
20601919 20607168 20608117 
2
0 2
2
2
20664412 20668904 
20664524 20668939 
1
1
3
21254882 21256126 21261013 
21255250 21256563 21261195 
2
3
1 2 3
3
21319665 21320502 21324258 
21319840 21320592 21324731 
2
1 2 3
2 3
2
21441220 21446122 
21441415 21446468 
2
0 1
1
4
21690739 21692311 21693388 21694261 
21690801 21692392 21693432 21694626 
1
0 1 2 4
3
21754489 21756526 21759330 
21754676 21756903 21759753 
2
0 1 3
0
2
22010568 22011831 
22010737 22012326 
2
0 1
1
3
22133470 22136105 22138483 
22133801 22136137 22138844 
2
0
2
2
22320203 22323279 
22320453 22323369 
1
1
2
22380083 22384000 22384641 
22380130 22384411 22385010 
1
1 2
2
22435458 22436650 22437234 
22435957 22436950 22437711 
1
0 1
2
22668655 22669967 22675199 
22669153 22670418 22675381 
2
1
1 2
3
22736926 22739262 22742010 
22737083 22739534 22742163 
1
0 2 3
3
23171907 23172678 23174177 
23172220 23172887 23174563 
1
0 1 2
2
23229945 23233435 23235729 
23230090 23233826 23235926 
2
1 2
2
3
23351241 23351970 23354838 
23351494 23352110 23354911 
2
0 2 3
0 2
2
23409454 23411096 
23409934 23411558 
1
0 2
3
23645821 23650529 23655029 
23646303 23650555 23655338 
1
0 2 3
3
23875281 23879933 23884915 
23875514 23880018 23885044 
2
0
0 1 2
2
24070736 24071389 
24071012 24071694 
1
0 1
2
24125887 24127381 24127748 
24126285 24127464 24127803 
1
0 2
2
24243822 24246744 24249806 
24243887 24247031 24250057 
2
2
0 2
4
24430453 24430672 24434732 24437351 
24430565 24431114 24434900 24437576 
1
2
2
24613777 24617693 24618849 
24614063 24617808 24619309 
2
1 2
2
4
24677650 24678392 24680115 24681501 
24677838 24678511 24680322 24681927 
1
0
2
24861420 24863636 24868431 
24861785 24863856 24868692 
2
0
2
4
24987439 24992623 24997272 25002472 
24987754 24992734 24997741 25002507 
1
3 4
2
25059329 25060938 25065266 
25059570 25061096 25065504 
2
0 2
2
3
25178181 25183125 25184005 
25178386 25183353 25184277 
1
1 2 3
3
25239263 25239509 25244231 
25239450 25239989 25244630 
2
0 1 2
0
1
25307560 
25307883 
0
3
25484506 25487722 25490516 
25484683 25488123 25490862 
1
2
2
25743009 25744952 25749838 
25743077 25745417 25749969 
1
2
3
25856892 25862156 25863538 
25857221 25862336 25863720 
1
1 2
3
25922178 25927087 25931889 
25922619 25927468 25932309 
1
1 3
2
26114887 26116022 26118392 
26115055 26116246 26118810 
2
1 2
1
1
26239368 
26239731 
0
2
26425930 26428192 
26426013 26428272 
2
1 2
2
1
26938063 
26938521 
0
4
27057677 27059392 27062574 27063820 
27057908 27059648 27062947 27064252 
1
0 3
2
27306553 27309745 27313193 
27306757 27309860 27313231 
2
0 1
0
2
27371058 27372390 
27371148 27372492 
1
0
3
27928999 27932219 27933616 
27929047 27932311 27933761 
2
0 1 2
1 2
1
27992317 
27992497 
0
2
28047865 28050072 
28048181 28050238 
1
1 2
2
28112009 28112377 28114192 
28112197 28112869 28114557 
2
0 1
1
2
28288012 28289301 
28288053 28289467 
1
0
3
28396868 28399444 28400852 
28397270 28399644 28401253 
2
1 2
1 3
3
28527381 28531873 28532753 
28527645 28531941 28533079 
1
0
2
28583276 28587426 28591089 
28583317 28587814 28591272 
2
0
0 2
2
28648465 28651478 
28648862 28651968 
2
0 2
2
3
28707673 28709297 28711106 
28708109 28709480 28711250 
1
0 1 3
4
29010182 29013814 29018414 29027942 
29010382 29013860 29018700 29028321 
1
1 4
2
29151730 29155590 29156168 
29152136 29155764 29156381 
2
1 2
1
2
29211759 29216659 
29211893 29217134 
2
1
0 1
3
29275016 29278287 29279239 
29275437 29278595 29279563 
2
0 3
2
2
29581571 29586804 
29581851 29587256 
1
2
3
29826907 29828177 29831142 
29827148 29828279 29831588 
2
0 1
0 1 2
2
29892958 29893366 
29893134 29893664 
1
0
4
30072437 30075265 30079964 30085913 
30072808 30075559 30080353 30086183 
1
2 3
3
30203387 30205010 30208563 
30203482 30205322 30208699 
2
0 1
0
2
30270330 30272265 
30270780 30272520 
2
0 1
0
3
30588984 30589730 30590480 
30589461 30589789 30590738 
1
2
3
30650202 30653463 30658821 
30650480 30653886 30658915 
2
0 2
0
4
31152125 31154324 31159327 31163082 
31152195 31154362 31159440 31163181 
1
1 2 4
2
31279604 31280195 31283621 
31279850 31280388 31283958 
2
0 2
0
2
31345671 31349198 
31345945 31349327 
2
2
1
2
31411308 31415827 
31411679 31416294 
1
0 1
3
31468182 31471681 31473071 
31468493 31471962 31473127 
2
0
1 3
2
31592641 31596463 
31592960 31596707 
2
2
1 2
3
31773402 31777482 31778076 
31773652 31777878 31778428 
2
2
1 3
2
31832955 31837133 
31833118 31837569 
2
2
1 2
2
31894769 31898797 
31895200 31899192 
2
1 2
1
3
31959820 31961737 31965049 
31960283 31961894 31965460 
2
1 2
0 1
4
32088739 32093261 32098201 32099742 
32088789 32093388 32098666 32100001 
1
0 1 2 3
1
32158677 32161997 
32158893 32162268 
0
2
32213012 32214335 
32213191 32214737 
2
0 2
2
2
32341119 32344389 
32341186 32344577 
1
0
3
32526304 32529666 32533036 
32526721 32529814 32533293 
2
0 2 3
2
4
32590068 32594943 32595561 32598730 
32590415 32595415 32595669 32599145 
1
4
2
32956074 32960314 32963156 
32956449 32960505 32963491 
2
0
0 2
2
33082730 33083652 
33083020 33083712 
2
2
0 2
2
33202100 33206505 
33202343 33206860 
2
1
1 2
1
33265947 
33266332 
0
3
33326209 33330318 33334320 
33326441 33330566 33334727 
1
0
2
33388549 33389408 33394008 
33388881 33389872 33394341 
1
0 2
3
33642418 33645656 33647666 
33642532 33645685 33647980 
1
0 2 3
4
33702809 33705117 33709770 33719437 
33703214 33705241 33710236 33719867 
1
3 4
3
33770582 33773523 33774345 
33770747 33773597 33774522 
2
1 2
2
3
33894735 33895816 33900984 
33894841 33896124 33901396 
2
1
2
2
33956275 33960315 
33956390 33960458 
2
1
0 1
1
34080323 
34080739 
0
3
34308451 34313638 34318476 
34308802 34314061 34318598 
2
3
1 3
3
34376276 34378683 34381883 
34376301 34378969 34382308 
2
0 2 3
2
2
34436223 34440850 
34436392 34441029 
2
0 2
0
3
34494631 34497610 34500910 
34494658 34498074 34501167 
1
0 3
2
34738044 34738797 34741833 
34738233 34738896 34741914 
2
0
0 1
3
34932160 34936806 34939876 
34932310 34937303 34940363 
1
2 3
1
35190170 35190931 
35190336 35191389 
0
1
35442983 
35443161 
0
3
35502228 35504310 35506309 
35502449 35504424 35506647 
2
1 3
3
3
35564053 35565536 35566636 
35564528 35565702 35566731 
2
0 1 2
1
3
35692511 35694596 35699259 
35692907 35694785 35699325 
1
0 2 3
2
35755656 35759725 35764333 
35755777 35760118 35764599 
1
2
3
35816365 35816715 35818705 
35816570 35816825 35818742 
2
2
3
2
35999391 36004662 
35999690 36005159 
1
0 1
1
36064206 36066624 
36064329 36067075 
0
2
36181421 36183125 
36181680 36183158 
1
1 2
2
36239170 36243527 36245498 
36239452 36243975 36245566 
2
2
1
2
36301483 36302045 
36301861 36302417 
2
0
0 2
3
36359429 36361019 36365249 
36359885 36361304 36365553 
2
0 2 3
0 2
3
36426124 36428919 36433513 
36426516 36429193 36433929 
1
0
3
36484674 36486713 36489669 
36484878 36486957 36489862 
2
1 2 3
1 2
2
36607548 36611662 
36607639 36611839 
1
1 2
2
36736807 36738115 36741089 
36737009 36738350 36741130 
2
0
1
2
36797731 36801943 
36797975 36802270 
2
2
0 2
1
36856249 
36856524 
0
2
36969349 36970052 
36969691 36970364 
2
0 1
0
3
37099265 37102985 37107566 
37099704 37103448 37107878 
2
2
0 3
3
37221790 37225669 37228175 
37222229 37226126 37228647 
2
0 2
0 2 3
3
37536830 37537717 37539530 
37537037 37538209 37539799 
1
0 1
2
37596189 37599088 37603497 
37596320 37599234 37603540 
1
0
3
37655992 37659887 37664536 
37656029 37660077 37665015 
1
2 3
3
37969220 37971936 37973449 
37969463 37972187 37973632 
2
0 1 3
0 3
2
38038801 38040229 
38039246 38040720 
1
1 2
3
38099970 38100437 38100913 
38100223 38100633 38101103 
1
0
4
38159767 38161611 38166626 38176255 
38160072 38161680 38166773 38176407 
1
1 3
3
38287738 38290772 38293581 
38287813 38291126 38293737 
2
0 1 3
0
3
38358473 38362952 38365101 
38358742 38362975 38365316 
1
1 2
2
38419182 38423841 38424775 
38419552 38424099 38425127 
2
0 2
0
4
38484945 38485597 38489377 38491925 
38485382 38485772 38489639 38492304 
1
4
1
38609168 38613189 
38609357 38613600 
0
4
38678235 38679388 38680427 38683211 
38678466 38679545 38680788 38683383 
1
0 2 3 4
2
38804352 38805149 38809943 
38804409 38805420 38810268 
1
1 2
3
39119511 39123490 39125970 
39119940 39123799 39126363 
2
2
0
2
39184643 39187069 
39184931 39187239 
1
1
1
39242499 39243050 
39242655 39243455 
0
2
39299832 39303039 
39300186 39303357 
2
2
1 2
2
39359650 39363263 
39360052 39363360 
2
2
1
3
39478944 39481753 39486327 
39479244 39481867 39486722 
2
0 1
0 1 2
3
39609340 39611622 39615349 
39609518 39611713 39615622 
1
0
2
39863344 39865102 39866678 
39863783 39865410 39866979 
2
0 1
1
2
40037856 40040083 
40038025 40040541 
2
0 2
2
2
40102047 40102975 
40102120 40103034 
1
0 1
3
40156674 40159022 40163394 
40156900 40159241 40163576 
2
0 1 3
3
3
40222824 40225121 40225933 
40222983 40225502 40226420 
2
0 2
1 2
4
40414997 40415758 40419930 40423562 
40415028 40415783 40419990 40423829 
1
3 4
3
40478585 40479515 40481221 
40478822 40479544 40481573 
2
1 3
0
3
40540897 40545584 40549902 
40541006 40545776 40550168 
2
0 1
2
4
40607195 40609759 40612528 40613217 
40607478 40610179 40612986 40613268 
1
1 2 3 4
2
40665893 40669032 40670532 
40666230 40669157 40670662 
2
2
0 2
3
40723814 40727473 40729107 
40724117 40727877 40729144 
1
0 1 3
3
40788748 40792424 40794148 
40789242 40792820 40794521 
1
1 2
1
41092461 41095047 
41092497 41095388 
0
2
41148719 41153637 
41148880 41153820 
2
0 1
1
1
41282452 
41282609 
0
3
41476814 41481066 41487382 
41477016 41481387 41487501 
2
1 2 3
1 3
2
41544096 41545712 
41544199 41546083 
1
0 2
3
41655787 41656865 41657133 
41656195 41657018 41657223 
2
0 1 2
0 2
3
41854627 41858431 41860187 
41854715 41858546 41860361 
2
2 3
1 2 3
1
41979309 
41979400 
0
1
42096275 42101289 
42096674 42101465 
0
1
42218301 
42218534 
0
2
42338661 42343223 
42339050 42343374 
2
1 2
2
2
42457823 42460837 
42458100 42461217 
2
0
1
2
42513461 42515216 
42513604 42515439 
2
0 2
2
2
42747055 42750054 
42747206 42750285 
1
1
2
42808353 42809464 42810735 
42808474 42809804 42810931 
2
1
0 1
2
42934383 42935778 
42934416 42935998 
1
0 2
1
43124772 43125718 
43124841 43125756 
0
3
43304043 43306919 43309332 
43304432 43307153 43309476 
2
0 2
0 2 3
2
43547889 43549529 
43548111 43549824 
1
0 1
3
43722366 43724037 43726184 
43722669 43724129 43726470 
2
0 1 2
1
3
43790960 43793908 43794220 
43791335 43793961 43794408 
2
1 2 3
2 3
3
43967805 43972820 43974799 
43968161 43973314 43975276 
2
1 3
1 2 3
2
44092744 44097646 
44093207 44098002 
2
2
1 2
1
44217141 
44217474 
0
2
44329720 44334920 
44329925 44335249 
2
1
0
2
44389994 44393392 
44390218 44393641 
2
0
1
4
44515964 44519654 44523539 44523889 
44516268 44519905 44523603 44524254 
1
0 1 3 4
1
44647821 44652675 
44647868 44652975 
0
3
44708477 44711044 44712890 
44708654 44711134 44713212 
2
0 1 3
1
3
44899656 44902124 44905002 
44900104 44902558 44905056 
1
1 2
3
44960034 44962365 44966834 
44960331 44962390 44967182 
1
1 2 3
2
45161977 45164219 45169464 
45162151 45164664 45169594 
2
0 2
0
2
45532459 45537456 
45532511 45537859 
2
1 2
2
2
45597807 45599152 
45598051 45599261 
1
0
3
45654495 45657247 45657858 
45654884 45657606 45658302 
2
2 3
0
2
45788205 45788579 
45788380 45789044 
2
0
0 2
1
45843704 
45843736 
0
4
46082885 46086783 46093166 46096612 
46083260 46086904 46093627 46096914 
1
1 2
1
46149715 46153979 
46149916 46154274 
0
1
46395467 
46395841 
0
2
46451673 46452814 
46451886 46453080 
1
0 2
3
46574659 46575039 46576063 
46574767 46575536 46576083 
2
2
0 1
4
46639726 46644515 46648596 46651624 
46639773 46644686 46649051 46651684 
1
2 3
2
46707167 46709453 46712466 
46707526 46709939 46712810 
2
0 2
2
1
46898125 
46898498 
0
3
46952700 46955966 46956944 
46953022 46956182 46957406 
2
1
3
1
47070902 
47071303 
0
2
47125004 47128261 
47125383 47128322 
2
1 2
2
3
47502868 47505780 47509474 
47503144 47506089 47509729 
2
0 1 2
1 2
3
47561420 47562469 47565963 
47561581 47562930 47566207 
2
2 3
0
4
47688191 47690583 47693605 47694869 
47688554 47690608 47694016 47694964 
1
1 2 3 4
3
47931863 47933541 47937146 
47932152 47933928 47937249 
2
0 1 2
2
2
48002973 48006413 
48003352 48006658 
1
2
1
48065805 48070547 
48066096 48070604 
0
2
48248406 48248794 
48248659 48249143 
2
1
1 2
2
48494369 48497078 
48494511 48497195 
1
0 2
2
48688269 48691325 48692462 
48688462 48691787 48692890 
2
1
2
2
48749542 48751855 
48749866 48751924 
2
0 1
0
2
48808486 48810219 
48808850 48810546 
2
2
1
2
49188912 49190637 
49189147 49191113 
2
0 1
0
1
49377584 
49378066 
0
3
49434730 49439267 49445702 
49435014 49439299 49445952 
1
2 3
2
49632416 49637226 49638640 
49632747 49637544 49638926 
2
0
0 2
2
49694742 49700117 
49695191 49700459 
2
1 2
1
3
49759520 49760662 49763013 
49759544 49761080 49763401 
1
3
2
49813496 49814845 49815483 
49813860 49814926 49815662 
2
2
0 2
2
49866171 49870545 
49866313 49870658 
1
0 1
2
49995132 49999747 50000717 
49995216 50000094 50000870 
2
0 1
0
4
50117885 50119455 50120506 50125038 
50118384 50119806 50120756 50125298 
1
0 3 4
4
50184522 50187567 50190773 50195655 
50184664 50187994 50190909 50196096 
1
3
1
50306626 50308341 
50307006 50308825 
0
3
50364825 50369392 50374585 
50365288 50369789 50374674 
2
0 1 3
1
3
50565653 50568945 50569410 
50565676 50569100 50569585 
1
0 1 2
3
50740120 50740544 50743350 
50740385 50740738 50743586 
2
0 1 2
0 2
2
50921803 50924809 
50922208 50924976 
2
1 2
1
3
51038751 51043884 51046342 
51039247 51043948 51046747 
1
0 3
1
51359782 51363678 
51360156 51363858 
0
2
51478633 51482546 
51478747 51482955 
2
1 2
1
2
51545756 51549165 
51545843 51549567 
2
2
1 2
2
52034646 52039356 
52034844 52039734 
2
0
2
2
52097435 52102283 
52097926 52102479 
2
0 1
1
2
52160709 52164083 
52160944 52164370 
2
0 1
0
3
52219715 52220572 52224699 
52220173 52220627 52225130 
2
0
2
3
52282732 52285565 52289466 
52282953 52285658 52289907 
2
2 3
3
2
52405034 52405732 
52405491 52405882 
2
0
0 1
4
52588198 52591590 52594523 52597678 
52588394 52591613 52594770 52597787 
1
0 1 3 4
4
52775730 52779293 52783088 52789061 
52775852 52779516 52783397 52789483 
1
2 4
2
52842188 52844196 52847515 
52842276 52844368 52847971 
1
0 1
4
52974534 52978012 52980562 52986462 
52974797 52978483 52980851 52986560 
1
0 2 3 4
3
53039461 53043560 53046175 
53039821 53043628 53046509 
2
0 1 3
0 1
3
53172271 53173696 53175113 
53172369 53173840 53175158 
2
0 2
0
2
53230127 53233364 
53230581 53233569 
2
0
1
3
53293316 53296330 53301422 
53293730 53296476 53301455 
2
2 3
1 2 3
2
53477703 53482822 
53477838 53482950 
2
2
0
2
53540058 53540959 
53540129 53541192 
1
0 1
3
53594272 53596385 53598481 
53594611 53596813 53598777 
1
3
2
53827777 53829800 53832977 
53828015 53830148 53833197 
1
1 2
2
53883284 53886197 53890356 
53883307 53886462 53890476 
2
2
1
2
53947381 53951406 
53947868 53951743 
1
2
4
54069605 54073918 54076235 54082075 
54070082 54074189 54076608 54082358 
1
1 4
3
54551082 54553203 54556888 
54551523 54553408 54557144 
1
1 3
2
54801744 54806451 54809760 
54801916 54806816 54809863 
2
1
0 1
2
54925422 54926991 
54925696 54927268 
1
1 2
4
55042895 55046385 55050540 55056064 
55043356 55046524 55050864 55056405 
1
0 1
2
55172607 55175457 55179908 
55172836 55175908 55180221 
1
1 2
3
55236242 55236822 55237261 
55236369 55236866 55237520 
2
0 2 3
0 2
2
55419756 55420858 
55420016 55420896 
1
0 2
4
55527030 55528175 55529800 55533478 
55527063 55528657 55530272 55533851 
1
0 1 2 4
4
55591854 55596493 55597818 55603685 
55592020 55596790 55598079 55604097 
1
0 2
1
55657077 55657938 
55657318 55658356 
0
3
55959378 55959884 55963808 
55959460 55960287 55964051 
2
0 1
0 2
2
56018312 56019821 
56018759 56019859 
1
1
4
56077758 56079132 56082013 56087779 
56077908 56079180 56082042 56088179 
1
0 1 3 4
2
56324231 56326391 56329739 
56324671 56326719 56330006 
2
0
0 2
2
56391440 56393859 
56391737 56393895 
1
0 2
3
56512645 56514446 56517101 
56513028 56514856 56517456 
2
1
0 1 2
3
56700826 56704698 56707715 
56701267 56704967 56708040 
2
3
2
3
56826094 56827617 56829786 
56826205 56828102 56829930 
2
0
0 3
1
56936024 
56936104 
0
4
57098639 57101051 57107115 57107669 
57099014 57101305 57107330 57108104 
1
1 2 4
3
57223903 57226453 57228421 
57224009 57226533 57228638 
1
3
3
57342912 57343172 57345629 
57343031 57343467 57345675 
1
0 2
2
57468872 57474085 57479093 
57469233 57474556 57479258 
1
1 2
3
57598396 57601398 57605576 
57598640 57601896 57605839 
2
1
0 1 3
3
57849646 57850628 57854162 
57850063 57850941 57854199 
1
0 1 2
2
57912661 57915029 57918339 
57912810 57915079 57918512 
2
0
0 1
2
58089986 58094229 
58090056 58094441 
1
0 1
4
58153802 58156577 58161816 58167451 
58154285 58157069 58162070 58167579 
1
0 1 2 3
3
58354085 58356461 58360317 
58354563 58356702 58360338 
1
0 2 3
2
58415607 58420688 58424770 
58416029 58421002 58425226 
1
0 2
4
58845008 58847745 58850780 58852246 
58845274 58847968 58851016 58852617 
1
0 4
1
58970600 58971414 
58971058 58971860 
0
2
59090598 59092662 
59090744 59093106 
2
1 2
2
3
59155539 59156268 59160886 
59155580 59156568 59161215 
2
1
0 1
2
59222605 59225255 
59222734 59225474 
1
0 1
2
59280663 59283403 59285351 
59280864 59283506 59285827 
1
1 2
3
59342200 59343505 59345242 
59342485 59343806 59345525 
1
0 2
3
59533327 59535306 59536324 
59533676 59535396 59536729 
2
2
0
3
59830181 59833949 59838864 
59830531 59834343 59839183 
2
0
0 1
3
59901389 59904518 59908653 
59901631 59904999 59908795 
1
1
2
60155505 60156731 60161927 
60155894 60157197 60162315 
2
1
0
3
60226848 60229937 60231092 
60227179 60230243 60231321 
2
2
0 2
4
60362495 60363931 60365132 60368209 
60362639 60363995 60365436 60368411 
1
1 2 4
1
60486250 60490009 
60486538 60490145 
0
1
60546373 
60546451 
0
2
60660288 60662837 
60660595 60663095 
2
2
1 2
3
60724838 60729845 60730248 
60725115 60729950 60730277 
2
0 3
0 1 3
3
60923465 60925157 60926625 
60923880 60925585 60927010 
2
0 1 2
1
2
61104600 61107187 
61104780 61107306 
1
0 2
4
61160894 61163152 61167696 61171557 
61161392 61163202 61167848 61171625 
1
4
2
61231442 61233898 61238749 
61231926 61234096 61238877 
2
1
1 2
3
61297286 61299972 61304286 
61297310 61300059 61304611 
2
0 2 3
0 2
3
61424798 61425748 61429249 
61425271 61425988 61429333 
2
3
0 1 3
4
61491912 61492945 61496709 61497441 
61492240 61493064 61496968 61497603 
1
0 1 2 3
1
61550848 61555565 
61551233 61555995 
0
3
61733316 61736405 61738440 
61733596 61736615 61738628 
2
2
0 3
1
61791075 
61791387 
0
2
61846145 61847265 
61846625 61847388 
2
1 2
2
1
62100699 
62101057 
0
1
62722208 62726179 
62722306 62726428 
0
3
62787458 62792242 62796351 
62787557 62792313 62796688 
2
1 2
1
2
62981642 62983924 
62981987 62984323 
1
0
2
63345891 63348434 63351930 
63346325 63348473 63352017 
1
1 2
2
63524607 63526487 63530370 
63525020 63526836 63530695 
2
0 2
2
3
63652076 63655876 63659597 
63652559 63655960 63660021 
1
0 2 3
1
63718710 63722580 
63719049 63722917 
0
3
63850025 63853653 63856648 
63850149 63853796 63856925 
2
0 1
0 2
2
63913010 63913932 
63913460 63913970 
2
2
0
2
64303355 64304503 
64303405 64304567 
1
0
2
64544250 64548740 64551536 
64544415 64548933 64551826 
2
0
0 2
3
64735214 64739596 64741968 
64735281 64739672 64742349 
1
1 3
2
64800839 64801269 64804060 
64801024 64801437 64804164 
2
0 2
0
2
64861569 64862283 
64861667 64862528 
2
2
1 2
4
64917123 64917247 64917579 64921803 
64917194 64917277 64917640 64922270 
1
1 3 4
2
65155366 65156342 65157651 
65155490 65156678 65157696 
2
0 2
0
2
65215463 65216650 
65215773 65216958 
2
1 2
2
2
65269273 65272463 
65269765 65272814 
2
0
0 1
2
65460447 65461206 
65460491 65461639 
2
0 1
0
2
65633770 65635310 
65634088 65635644 
2
0
0 2
2
65814246 65818650 
65814607 65818947 
2
0
0 1
3
65941636 65943810 65947010 
65941832 65944287 65947092 
1
3
3
66122844 66123983 66124718 
66123120 66124033 66124927 
2
1
1 2 3
2
66180058 66184690 
66180305 66185004 
1
0 1
3
66294716 66296921 66297197 
66294779 66297090 66297402 
2
0 2 3
2
1
66354652 
66354749 
0
1
66410254 66411158 
66410459 66411371 
0
2
66466738 66471874 
66467161 66472106 
1
0 2
4
66587108 66589949 66590603 66596580 
66587463 66590026 66591035 66596642 
1
1 2
4
66772263 66773450 66777461 66780344 
66772323 66773550 66777710 66780570 
1
1 2
2
67030932 67034948 67036460 
67031204 67035270 67036735 
2
0 1
1
3
67166275 67166978 67168222 
67166729 67167080 67168578 
2
1 3
0 3
2
67421674 67425264 
67421935 67425322 
2
1
0 1
3
67606559 67611089 67613897 
67606609 67611583 67614223 
1
1
2
67729674 67730919 67733298 
67729809 67731197 67733438 
2
0 1
0
2
67910668 67912202 
67911071 67912542 
1
0
1
67967299 67968373 
67967694 67968637 
0
3
68033816 68036675 68038631 
68033855 68036932 68039030 
1
0 2 3
3
68095704 68096935 68099096 
68095772 68097183 68099263 
2
0 2 3
0 3
