455
5
306387 307770 310451 315793 316796 
306780 308025 310854 315831 317208 
1
0 1 2 3 4
5
370270 373454 375442 377895 378202 
370539 373479 375553 378126 378309 
1
0 1 2 3
3
436672 437643 439257 
437106 438113 439603 
2
0 1 2
0 1
4
551519 555961 557215 557817 
551630 556096 557585 558136 
1
0 2
4
683306 686623 691257 691727 
683675 686811 691598 691880 
1
0 2 3
4
807859 809522 812030 815563 
807976 809557 812076 815960 
1
0 1
5
871873 876535 878783 880523 883837 
872353 877019 878993 880776 883925 
1
0 1 2 3 4
2
997576 999774 
997850 1000101 
1
0 1
4
1058016 1058792 1060919 1064634 
1058304 1059092 1061343 1064970 
3
0 1 2 3
2 3
0 1
3
1116943 1119716 1122723 
1117284 1120003 1122865 
2
0 1 2
1 2
4
1350349 1354442 1356986 1361493 
1350829 1354739 1357096 1361791 
3
0 1 2 3
0 2 3
2 3
2
1537405 1538985 
1537716 1539395 
1
0 1
2
1653047 1655887 
1653182 1656108 
1
0 1
3
1773092 1773633 1778310 
1773514 1773702 1778501 
1
0 2
3
2028346 2031266 2033118 
2028389 2031742 2033530 
2
0 1 2
1 2
3
2148468 2153288 2158354 
2148801 2153588 2158442 
2
0 1 2
0 1
3
2457904 2463008 2463448 
2458012 2463372 2463946 
3
0 1
0 1 2
1 2
3
2515590 2519279 2522070 
2515987 2519714 2522364 
3
0 2
0 1
0 1 2
3
2641831 2644218 2647104 
2641882 2644518 2647407 
3
0 1 2
0 1
0 2
3
2820822 2823698 2824821 
2821235 2823881 2824956 
3
0 1 2
0 1
0 2
3
2997441 3001508 3002159 
2997801 3001583 3002225 
1
0 2
2
3058808 3061884 
3058950 3062222 
1
0 1
3
3181753 3185242 3189999 
3182110 3185685 3190248 
3
0 1 2
0 2
1 2
3
3376348 3379787 3383315 
3376541 3380133 3383568 
3
1 2
0 2
0 1 2
3
3440376 3443783 3446115 
3440788 3444037 3446529 
3
1 2
0 1 2
0 2
2
3689278 3691531 
3689527 3691671 
1
0 1
3
3984068 3985171 3986060 
3984224 3985396 3986213 
3
0 1 2
0 2
1 2
5
4276626 4277474 4277930 4279072 4282689 
4277114 4277823 4278281 4279449 4282709 
1
0 1 2 3 4
4
4341916 4346542 4350406 4352838 
4342024 4346960 4350720 4352942 
3
1 2
0 1
0 2
4
4469337 4471212 4473085 4476060 
4469727 4471598 4473213 4476427 
3
0 2 3
0 2
1 3
4
4531779 4536720 4537966 4540796 
4531959 4536942 4538131 4540912 
3
0 1 2 3
0 2
0 1 2
4
4594408 4596623 4597360 4599554 
4594746 4597072 4597777 4600017 
2
1 2
0 1 2 3
4
4652811 4653992 4654453 4658280 
4653001 4654095 4654573 4658430 
3
1 2 3
0 1 2 3
0 2 3
4
4714522 4715650 4716802 4721790 
4714618 4716126 4717178 4722288 
2
0 1 2 3
0 2 3
4
4842627 4844571 4848832 4851489 
4842662 4844983 4849178 4851771 
1
0 1 2 3
4
4903577 4908185 4910744 4914497 
4903735 4908314 4910789 4914672 
3
0 1 2 3
0 1
2 3
4
5086808 5089617 5092031 5096746 
5087125 5090115 5092512 5096919 
3
0 1 3
1 2
0 1 2 3
4
5147811 5150235 5152330 5157142 
5148053 5150547 5152776 5157516 
1
0 2
5
5270676 5275302 5280519 5285222 5290238 
5271071 5275590 5280651 5285479 5290612 
1
0 1 2 3 4
5
5348596 5352658 5354568 5359167 5360129 
5348892 5352997 5355018 5359299 5360386 
1
1 2
5
5541046 5542537 5543141 5547108 5551095 
5541224 5542626 5543459 5547487 5551116 
2
0 1 2 3 4
0 1 2 3
5
5601536 5606641 5610580 5614221 5615898 
5601662 5607111 5611062 5614639 5616329 
2
0 1 2 3
0 2 3
3
5674219 5674569 5678836 
5674458 5675002 5679132 
3
0 1
0 2
0 1 2
4
5792109 5797066 5800183 5802759 
5792538 5797298 5800305 5803054 
3
0 1 3
0 2 3
0 1 2 3
3
6467620 6471871 6476641 
6467971 6472154 6476939 
3
0 1 2
0 1
0 2
2
6592425 6597288 
6592899 6597463 
1
0 1
4
6655308 6656518 6661266 6662250 
6655346 6656761 6661398 6662479 
3
0 1 2 3
0 3
1 3
4
6715778 6718703 6723627 6726518 
6715922 6719193 6723695 6726562 
1
0 1 2 3
2
6841958 6845832 
6841993 6846113 
1
0 1
3
7152190 7153268 7155667 
7152276 7153447 7156005 
3
1 2
0 1 2
0 1
2
7382162 7385617 
7382285 7385822 
1
0 1
2
7505135 7507423 
7505343 7507799 
1
0 1
4
7628750 7633171 7637553 7643012 
7629209 7633287 7638024 7643136 
2
1 3
0 1 2 3
3
7702703 7705070 7707925 
7702886 7705216 7708171 
3
0 1 2
0 2
0 1
5
7758951 7763039 7767995 7772881 7774812 
7759215 7763282 7768381 7773310 7774946 
1
0 1 2 3 4
5
7834575 7837384 7840595 7843609 7847708 
7834975 7837571 7840673 7843926 7847908 
1
0 1 2 3 4
2
8085191 8085391 
8085269 8085709 
1
0 1
4
8140219 8144390 8148343 8153168 
8140377 8144524 8148553 8153600 
2
0 1 2 3
1 3
2
8209347 8210870 
8209703 8211275 
1
0 1
2
8325890 8326820 
8326068 8326972 
1
0 1
4
8377898 8381449 8383245 8383754 
8378390 8381488 8383638 8383820 
1
0 1
5
8500609 8501584 8504065 8506036 8511005 
8500680 8502076 8504505 8506434 8511147 
2
0 1 2 3
0 1 3
3
8750271 8750574 8754050 
8750296 8750870 8754206 
1
0 1 2
2
8939935 8943807 
8939957 8944109 
1
0 1
4
9001344 9005389 9007082 9012178 
9001831 9005515 9007516 9012282 
1
1 2 3
3
9188956 9193956 9194446 
9189310 9194330 9194911 
1
0 2
5
9252623 9254374 9258436 9260290 9262320 
9253082 9254480 9258714 9260488 9262578 
1
0 1 4
4
9498148 9501383 9505079 9510032 
9498170 9501413 9505483 9510261 
2
0 1 2 3
1 3
5
9926068 9931149 9934832 9937179 9940193 
9926465 9931383 9934888 9937650 9940226 
2
1 2 3
0 1 2
2
10060876 10064606 
10060978 10064988 
1
0 1
5
10123918 10127249 10130961 10132517 10135085 
10124119 10127675 10131161 10132643 10135308 
2
0 1 3 4
0 1 2 3 4
2
10324297 10325732 
10324577 10326070 
1
0 1
2
10506552 10509326 
10506637 10509771 
1
0 1
5
10566906 10570345 10573156 10573993 10575629 
10567242 10570438 10573200 10574467 10576123 
2
0 1 2 3 4
1 3 4
5
10631587 10635800 10636221 10637608 10641079 
10631918 10635994 10636365 10638020 10641106 
2
0 1 2 3 4
1 2 3 4
2
10697487 10702017 
10697577 10702285 
1
0 1
5
10823476 10826897 10827657 10828415 10831225 
10823523 10827079 10827930 10828543 10831455 
1
2 3
4
11002618 11005186 11005954 11010006 
11002989 11005217 11006368 11010074 
3
2 3
0 2 3
0 3
2
11191829 11192526 
11191923 11192605 
1
0 1
3
11306105 11310644 11312119 
11306413 11311085 11312601 
1
0 1 2
4
11429102 11433262 11435716 11438443 
11429492 11433361 11435977 11438729 
1
0 2
3
11565453 11566224 11569143 
11565837 11566618 11569524 
3
1 2
0 1 2
0 2
3
11621068 11621583 11624396 
11621460 11621742 11624846 
2
0 1 2
0 2
4
11680483 11684227 11686019 11686752 
11680842 11684297 11686517 11687156 
2
0 1 2 3
2 3
2
11744530 11745908 
11744962 11746328 
1
0 1
3
11801432 11803793 11804948 
11801889 11803978 11805376 
3
0 1 2
1 2
0 2
2
12242566 12244710 
12242922 12244984 
1
0 1
4
12300934 12304499 12307928 12310519 
12301223 12304745 12308122 12310933 
3
0 1 3
2 3
1 2
4
12420198 12424072 12426390 12429709 
12420454 12424529 12426716 12430110 
1
1 2
3
12609310 12612476 12614940 
12609726 12612921 12615142 
2
0 1 2
1 2
5
12991390 12992488 12994644 12995515 12996724 
12991810 12992677 12995141 12995733 12997004 
1
0 1 2 3 4
5
13308807 13309604 13310314 13314693 13318049 
13308999 13309705 13310339 13315106 13318088 
2
2 4
1 3 4
2
13558787 13561254 
13558936 13561404 
1
0 1
5
13674285 13678014 13680807 13683994 13685598 
13674600 13678315 13681024 13684268 13686095 
1
1 2 3 4
5
13803386 13806918 13810046 13810306 13810991 
13803673 13807282 13810127 13810590 13811450 
1
0 3 4
4
13868182 13872019 13874159 13876350 
13868375 13872075 13874344 13876629 
3
0 1 2 3
1 2
0 3
4
13985579 13988866 13990469 13992022 
13985920 13988928 13990578 13992128 
3
0 1 2 3
0 2 3
1 3
4
14422123 14422942 14423483 14426507 
14422509 14423066 14423751 14426579 
3
0 3
0 1 2
0 1 2 3
3
14542337 14545355 14550048 
14542580 14545535 14550442 
2
0 1 2
1 2
5
14602207 14604650 14605611 14607308 14612113 
14602653 14604953 14605909 14607586 14612195 
2
0 3
0 1 2 3 4
5
14664718 14668579 14670099 14675101 14680173 
14665163 14668692 14670276 14675587 14680520 
1
0 1 3 4
4
14735298 14735714 14739001 14741663 
14735651 14736085 14739120 14741704 
2
0 2 3
1 2 3
4
14793894 14797939 14799648 14803634 
14794349 14798039 14799672 14803837 
3
0 1
0 2
0 1 3
2
14862387 14867446 
14862695 14867561 
1
0 1
2
14922119 14924314 
14922372 14924437 
1
0 1
3
14978919 14984067 14988440 
14979220 14984319 14988593 
2
0 1 2
1 2
4
15175808 15178796 15183923 15184376 
15175887 15179190 15184246 15184514 
3
0 1 3
1 2 3
1 2
5
15235024 15238240 15239304 15242465 15245919 
15235354 15238397 15239709 15242731 15246320 
2
0 1 2 3 4
1 2
3
15541837 15542465 15545474 
15542221 15542958 15545650 
2
1 2
0 2
3
15666381 15671237 15671646 
15666524 15671544 15671759 
1
0 1 2
3
15726590 15728055 15729796 
15726919 15728548 15730156 
2
0 1 2
0 1
4
15783625 15786796 15790683 15796032 
15783717 15787138 15791176 15796144 
1
0 1 3
4
15919391 15922923 15928230 15931040 
15919595 15923399 15928668 15931441 
3
2 3
0 1 2 3
0 1 2
5
16099218 16103935 16104939 16106419 16107529 
16099702 16104350 16105001 16106733 16107995 
2
0 3
0 1
3
16730275 16731694 16733107 
16730417 16731964 16733494 
3
0 1
1 2
0 2
3
17043274 17044470 17047559 
17043695 17044779 17047642 
3
0 1 2
0 2
0 1
4
17271168 17275618 17279239 17280023 
17271276 17275868 17279516 17280453 
1
0 1 2 3
4
17333941 17338670 17343061 17344152 
17333984 17338890 17343474 17344588 
1
0 1 2 3
4
17401357 17402633 17407085 17408988 
17401770 17402991 17407105 17409015 
1
0 1 2 3
3
17907931 17909723 17913854 
17908088 17909801 17914239 
3
0 1
0 1 2
1 2
3
17967638 17970045 17973005 
17968101 17970438 17973194 
2
0 1 2
1 2
2
18032463 18036320 
18032552 18036534 
1
0 1
4
18266312 18269138 18270350 18274635 
18266582 18269617 18270820 18274716 
1
1 3
2
18398331 18399947 
18398456 18400160 
1
0 1
5
18568493 18569704 18572479 18573751 18576493 
18568789 18570188 18572960 18574205 18576919 
2
0 1 2 3 4
0 1 2 4
4
18634558 18638391 18640110 18642880 
18634996 18638835 18640147 18643071 
3
1 3
0 1 2 3
1 2
4
18697725 18698426 18699776 18700409 
18697873 18698873 18699880 18700693 
3
0 1 2 3
1 3
0 2
3
18821515 18821950 18823737 
18821750 18822256 18824099 
3
0 1
0 1 2
1 2
3
18943190 18946365 18949321 
18943478 18946392 18949538 
3
0 1 2
0 1
1 2
2
19064283 19068218 
19064664 19068709 
1
0 1
3
19121307 19126364 19131411 
19121644 19126655 19131511 
3
0 1
0 1 2
1 2
3
19246127 19248319 19250658 
19246356 19248663 19250857 
1
0 1
4
19310266 19312314 19316780 19320334 
19310688 19312642 19317163 19320633 
3
0 1 2 3
2 3
0 3
3
19380112 19381065 19384740 
19380411 19381095 19385220 
3
0 1 2
0 1
1 2
5
19435813 19436812 19440534 19443262 19445297 
19436276 19437226 19440558 19443544 19445586 
1
0 1 2 3 4
4
19564539 19566594 19570305 19572888 
19564773 19566749 19570498 19572920 
3
0 1 2 3
0 2
0 1 2
3
19739450 19744068 19749029 
19739830 19744184 19749297 
2
0 1 2
0 2
3
19801987 19803523 19806913 
19802300 19803680 19807350 
3
0 1
0 1 2
0 2
2
19864304 19865246 
19864408 19865473 
1
0 1
4
19987113 19989246 19990658 19991436 
19987468 19989277 19990893 19991821 
3
0 2
1 2 3
1 3
4
20169716 20172217 20175671 20176432 
20169787 20172400 20175987 20176677 
3
0 1 3
0 1 2
0 1 2 3
4
20231809 20235756 20239771 20243037 
20232175 20235985 20240055 20243210 
2
1 2
0 3
5
20728671 20731046 20732755 20736069 20740543 
20728882 20731503 20733043 20736183 20740963 
1
0 2 3
3
20798393 20800890 20802791 
20798744 20800912 20803015 
2
0 1 2
0 1
3
20861112 20865051 20867908 
20861336 20865497 20867973 
2
0 1 2
0 2
3
21057357 21059698 21064337 
21057560 21059776 21064717 
1
0 1
4
21186922 21189432 21194187 21198894 
21187219 21189596 21194373 21199252 
3
0 1 2 3
1 2 3
1 3
5
21376609 21378330 21382290 21382705 21385325 
21376830 21378445 21382495 21382811 21385544 
1
0 3 4
3
21498740 21499555 21503320 
21499038 21500004 21503757 
2
0 2
0 1 2
3
21563185 21567600 21569252 
21563529 21567861 21569532 
3
0 1 2
0 2
1 2
4
21622148 21623549 21627420 21629915 
21622255 21623678 21627885 21630097 
2
0 1 2 3
1 2 3
3
21875448 21876581 21879180 
21875935 21876655 21879613 
1
0 1
5
21938536 21941656 21944630 21947335 21951749 
21938811 21941767 21944927 21947825 21952073 
2
1 2 4
0 3
4
22068328 22073564 22077499 22078686 
22068637 22073984 22077739 22079181 
3
1 2 3
0 1 2 3
2 3
4
22194822 22197110 22199027 22199739 
22195260 22197256 22199378 22199929 
3
0 1 2 3
0 2 3
0 1 3
5
22253415 22255265 22259328 22262302 22263153 
22253488 22255625 22259363 22262647 22263319 
1
1 2 3 4
3
22554871 22556873 22557567 
22555079 22557181 22557665 
2
1 2
0 2
4
22609530 22611104 22612629 22614964 
22609725 22611510 22613117 22615443 
3
0 2
0 3
0 1
3
22797694 22800311 22804116 
22797935 22800759 22804137 
1
0 1 2
4
22862901 22866576 22871077 22875237 
22863280 22866683 22871122 22875352 
2
0 3
0 1 2 3
3
22931173 22936449 22940409 
22931536 22936480 22940875 
1
0 1
3
22992038 22995078 22997939 
22992218 22995400 22997993 
3
0 1 2
0 2
1 2
4
23048137 23052893 23054312 23058491 
23048193 23053368 23054585 23058661 
3
1 2 3
1 2
0 3
3
23113127 23114537 23114956 
23113619 23114574 23115343 
1
0 1 2
3
23287196 23290301 23291762 
23287470 23290349 23292003 
2
0 1
1 2
3
23462503 23464491 23468082 
23462945 23464788 23468565 
3
1 2
0 2
0 1 2
3
23522671 23525551 23529763 
23522868 23525686 23530018 
2
0 1
0 1 2
2
23711356 23713354 
23711386 23713655 
1
0 1
3
23821324 23822377 23823982 
23821621 23822871 23824202 
2
0 2
0 1
3
23948592 23949573 23950109 
23948697 23949856 23950477 
1
0 1 2
5
24178132 24182186 24182631 24185586 24188672 
24178596 24182519 24182812 24186031 24189135 
1
0 1 3 4
4
24307873 24309101 24310947 24315636 
24307964 24309404 24311324 24315868 
3
0 3
0 1
0 1 2 3
4
24366108 24368410 24371288 24375147 
24366485 24368874 24371384 24375214 
2
0 1 2
0 1 2 3
2
24494483 24495951 
24494649 24496055 
1
0 1
5
24739870 24742092 24747015 24751619 24752584 
24740215 24742392 24747447 24752105 24752939 
2
0 1 2 3 4
0 1 2 4
3
24921042 24921509 24926509 
24921184 24921693 24926684 
1
1 2
2
25116156 25116520 
25116407 25116777 
1
0 1
4
25617864 25619173 25622494 25625838 
25617991 25619666 25622830 25625896 
1
1 2 3
2
25800336 25804225 
25800784 25804625 
1
0 1
3
25988560 25989502 25990068 
25988699 25989549 25990090 
1
0 2
4
26048730 26052538 26057166 26058587 
26048799 26052767 26057522 26058680 
3
0 1 2 3
0 1 3
0 1 2
3
26299630 26304421 26309341 
26300076 26304878 26309820 
2
0 1 2
0 1
3
26363211 26366225 26367144 
26363605 26366542 26367480 
2
0 1 2
0 1
5
26557257 26558539 26561213 26564774 26567306 
26557720 26558771 26561284 26564829 26567452 
1
0 1 2 3 4
3
26624311 26626182 26627001 
26624338 26626532 26627188 
3
0 1
1 2
0 1 2
4
26679390 26680939 26685115 26689380 
26679569 26681254 26685168 26689416 
3
0 1 2 3
0 1 3
2 3
5
26804676 26807398 26811815 26813407 26815952 
26804896 26807541 26811921 26813665 26816215 
1
0 2 4
3
26870734 26875046 26879128 
26871225 26875378 26879347 
1
0 1 2
4
26988945 26994214 26998633 27000261 
26989217 26994375 26998958 27000599 
2
0 2 3
0 1 2 3
4
27114818 27116744 27120046 27124628 
27114892 27116782 27120309 27124775 
3
0 1 2 3
0 1 2
0 3
3
27178375 27179078 27182654 
27178727 27179522 27182933 
2
0 2
0 1 2
5
27240719 27241592 27245319 27250611 27254327 
27240933 27241708 27245633 27250933 27254455 
2
3 4
0 2 3
4
27422759 27426891 27427444 27427575 
27423126 27427375 27427523 27427858 
1
0 3
5
27541155 27546429 27551668 27554131 27558131 
27541651 27546674 27551921 27554358 27558301 
2
1 2 3 4
2 4
5
27614224 27614821 27618734 27620256 27622459 
27614267 27614905 27618869 27620632 27622567 
2
0 1 2 3 4
0 1
4
27676977 27679049 27679836 27685061 
27677420 27679277 27680172 27685355 
1
0 1 2
3
27807256 27811464 27814530 
27807315 27811860 27814890 
1
0 1
4
27867051 27871361 27875863 27878589 
27867155 27871533 27876136 27878688 
1
0 1 3
2
28167785 28169423 
28167869 28169897 
1
0 1
4
28222824 28227304 28231401 28233003 
28223024 28227486 28231656 28233398 
1
2 3
4
28342375 28344576 28345778 28345988 
28342565 28345057 28345867 28346382 
3
0 1 2 3
1 3
2 3
3
28461665 28466401 28468838 
28461792 28466847 28469005 
3
0 1 2
0 1
1 2
2
28822555 28824163 
28822836 28824647 
1
0 1
4
28882721 28885068 28890333 28894852 
28882759 28885367 28890799 28895036 
3
1 2 3
0 1
0 1 2 3
4
28951194 28952407 28954291 28954984 
28951532 28952560 28954645 28955421 
2
0 1 2
2 3
4
29085916 29091121 29095433 29096271 
29086389 29091596 29095748 29096493 
3
0 1 2 3
0 1 3
0 1 2
4
29339189 29342605 29343044 29343592 
29339379 29342861 29343521 29343998 
1
1 2 3
5
29401382 29405445 29406701 29410256 29411803 
29401543 29405697 29406893 29410347 29412112 
1
0 1 2 4
4
29463814 29466647 29468721 29472202 
29464032 29466736 29469121 29472591 
3
0 1 2 3
0 1 2
0 2
3
29523560 29525563 29529104 
29524035 29525951 29529539 
2
0 1 2
1 2
3
29640867 29642325 29644429 
29641097 29642702 29644516 
3
0 1
0 1 2
0 2
3
29700732 29702086 29702629 
29701005 29702545 29703014 
3
0 1
0 1 2
1 2
4
29947113 29949785 29953403 29955801 
29947204 29949874 29953890 29955973 
3
2 3
1 3
0 1 3
2
30013611 30018459 
30013718 30018742 
1
0 1
4
30141875 30142471 30143709 30144247 
30142077 30142806 30143877 30144359 
3
0 1 2 3
2 3
0 3
2
30328470 30331850 
30328798 30332122 
1
0 1
4
30389168 30392160 30393685 30395366 
30389411 30392272 30394061 30395608 
1
0 2 3
3
30453962 30458150 30462477 
30454100 30458463 30462645 
3
0 1 2
0 2
1 2
5
30518088 30519802 30521759 30525610 30530993 
30518232 30519980 30522211 30526057 30531153 
2
0 1 2
0 2 3 4
4
30716413 30718431 30720947 30723731 
30716538 30718743 30721157 30723969 
1
0 2
5
30837078 30839445 30841451 30842199 30843236 
30837390 30839476 30841872 30842496 30843428 
1
0 2 3 4
4
30897897 30901078 30904138 30905403 
30898046 30901267 30904385 30905717 
2
0 1 2 3
0 2
3
30962414 30964498 30967156 
30962451 30964927 30967201 
3
0 1
1 2
0 1 2
4
31025435 31029127 31032719 31034944 
31025856 31029498 31033058 31035138 
2
1 3
0 2
3
31219298 31222195 31225360 
31219355 31222510 31225502 
3
0 1 2
0 2
0 1
3
31527269 31530275 31532905 
31527541 31530352 31532950 
2
0 1
0 2
4
31649049 31653409 31654468 31655391 
31649221 31653462 31654865 31655737 
2
0 3
0 1 2
4
32401449 32403556 32406180 32409291 
32401828 32403687 32406615 32409734 
1
0 1 2 3
3
32468234 32471558 32474630 
32468334 32471764 32475126 
3
0 1 2
0 2
1 2
3
32707392 32708203 32711805 
32707831 32708405 32712217 
3
0 1 2
0 2
1 2
2
32827442 32832597 
32827647 32833063 
1
0 1
3
32890864 32893744 32898288 
32891096 32893929 32898347 
3
0 1 2
0 1
1 2
5
33018637 33021481 33022992 33023624 33025755 
33019123 33021635 33023335 33023839 33026023 
1
0 1 2 3
2
33140563 33143279 
33140856 33143477 
1
0 1
4
33516358 33520398 33522748 33524391 
33516723 33520645 33523069 33524498 
2
0 1 2 3
0 1 2
5
33825519 33830812 33834026 33837329 33840426 
33825897 33831217 33834301 33837599 33840767 
1
0 1 2 3 4
2
34020015 34023102 
34020339 34023454 
1
0 1
5
34245214 34249040 34249325 34252572 34253880 
34245596 34249242 34249582 34252624 34254142 
1
0 3 4
4
34614752 34616589 34620659 34623530 
34615038 34616765 34620974 34623918 
3
1 2
2 3
0 1 2 3
3
34680025 34680945 34682219 
34680149 34681178 34682670 
2
0 2
0 1 2
5
34793253 34795681 34800131 34802474 34806161 
34793596 34795933 34800593 34802721 34806358 
1
0 1 2 4
5
34860497 34862224 34865530 34868720 34871900 
34860708 34862294 34865826 34868763 34872218 
1
2 3
4
34996688 34997974 35000411 35001184 
34996727 34998161 35000813 35001615 
2
0 1
0 1 2 3
5
35059716 35064244 35065057 35067251 35072249 
35059850 35064454 35065107 35067735 35072640 
1
1 2
4
35130165 35133202 35137659 35138475 
35130345 35133255 35138024 35138964 
3
0 1 2 3
0 1 2
1 2
4
35251281 35255744 35256716 35258757 
35251586 35255985 35256835 35259181 
3
2 3
0 1 2 3
1 3
5
35317033 35318584 35322322 35323842 35326180 
35317224 35319011 35322383 35324054 35326669 
1
0 3 4
2
35381599 35385880 
35381653 35386055 
1
0 1
3
35624213 35629031 35633897 
35624594 35629321 35634321 
3
0 1 2
1 2
0 2
4
36120537 36123288 36125571 36127831 
36120766 36123419 36125777 36127902 
3
0 1 2 3
1 2
0 2 3
5
36667611 36671059 36676035 36676922 36679151 
36668024 36671307 36676208 36677117 36679643 
2
0 1 2 3 4
0 4
2
37033527 37037157 
37033736 37037414 
1
0 1
3
37286406 37288009 37288841 
37286547 37288381 37289306 
1
0 1
4
37341943 37344284 37348719 37352684 
37342027 37344389 37349042 37352883 
2
2 3
0 1 2 3
4
37411057 37415080 37419702 37420406 
37411115 37415227 37419926 37420521 
2
0 3
0 1
5
37472173 37473654 37475119 37478834 37479573 
37472655 37473848 37475555 37478916 37479696 
1
0 1 3
5
37721238 37725853 37728479 37731075 37735268 
37721289 37726075 37728770 37731260 37735671 
1
0 1 3 4
4
37791586 37796906 37797546 37801990 
37791920 37797204 37797566 37802421 
1
0 1 2 3
4
37853214 37854770 37855676 37859710 
37853292 37854930 37856117 37859852 
3
1 3
0 2
0 1 2
5
37910541 37910797 37912121 37916855 37918627 
37910637 37911167 37912437 37917254 37918940 
2
0 1 2 3
0 1 2 3 4
3
38552082 38554515 38555024 
38552106 38554739 38555203 
3
0 1
0 2
0 1 2
4
38742459 38746251 38749616 38750226 
38742605 38746511 38749650 38750390 
3
0 1 2 3
0 2 3
1 3
3
38929140 38931303 38935198 
38929298 38931737 38935407 
3
1 2
0 1 2
0 2
5
38991804 38994877 38999900 39002132 39005117 
38992191 38995151 38999929 39002438 39005488 
2
0 1 2 3 4
0 1 4
3
39061246 39063497 39065679 
39061301 39063609 39065992 
3
0 1 2
0 2
1 2
2
39545872 39550608 
39546327 39550696 
1
0 1
2
39675245 39676391 
39675667 39676523 
1
0 1
4
39734617 39739851 39744511 39748546 
39735023 39739922 39744975 39748781 
2
2 3
0 1 2
3
39801448 39804781 39807572 
39801774 39805086 39808032 
3
0 1 2
0 1
0 2
2
39919641 39923614 
39919825 39923765 
1
0 1
2
39978589 39981140 
39979011 39981191 
1
0 1
3
40279803 40283982 40287941 
40280172 40284008 40288214 
1
0 1 2
4
40343222 40347391 40349176 40353548 
40343719 40347673 40349390 40353864 
1
0 1 2 3
2
40905773 40908130 
40906007 40908623 
1
0 1
3
40967229 40969797 40974009 
40967429 40970234 40974243 
2
0 1 2
0 1
4
41031095 41035269 41038491 41039507 
41031211 41035508 41038675 41039571 
3
0 1 2
0 2
1 3
4
41213690 41214830 41217290 41219722 
41213780 41215218 41217664 41220025 
3
0 1 2 3
0 1 2
1 3
4
41341400 41342240 41347361 41348329 
41341719 41342411 41347766 41348690 
3
0 1 2 3
2 3
0 1 2
5
41406423 41408515 41410728 41413711 41418353 
41406479 41408693 41410974 41413848 41418618 
1
1 4
3
41716996 41721688 41723993 
41717351 41722041 41724230 
1
0 1 2
5
41915743 41919910 41920616 41925372 41927680 
41916021 41920141 41920731 41925827 41928020 
1
0 1 2 4
4
42033615 42037494 42039012 42041981 
42034060 42037619 42039345 42042423 
3
1 2 3
0 2 3
0 1 2
3
42275982 42278001 42278153 
42276206 42278095 42278547 
1
0 1 2
3
42395863 42398535 42402840 
42396080 42398591 42403188 
2
0 2
0 1
4
42623657 42627747 42631555 42635713 
42623744 42628216 42632041 42636050 
3
0 1 2 3
2 3
0 2
3
42687910 42689273 42689539 
42688045 42689440 42689663 
1
0 1 2
3
42866252 42871190 42873553 
42866677 42871225 42873889 
3
0 2
1 2
0 1
5
42989444 42989759 42992858 42995942 43000917 
42989469 42989997 42992930 42996356 43001297 
2
0 1 2 3 4
0 2 4
4
43061139 43062309 43064980 43066334 
43061252 43062464 43065230 43066419 
3
0 1 2 3
0 2
2 3
4
43177653 43178296 43179181 43180690 
43177681 43178724 43179623 43181174 
3
0 1 2 3
0 1 2
0 1 3
4
43237570 43238624 43242455 43245173 
43237902 43238689 43242840 43245494 
1
0 1 2 3
3
43422004 43423268 43425628 
43422354 43423717 43426004 
3
0 1
1 2
0 2
3
43600676 43603915 43606461 
43601121 43604365 43606912 
1
0 1 2
5
43851551 43852524 43854817 43855359 43857115 
43851696 43852879 43855157 43855706 43857512 
1
0 1 3
3
43908167 43909097 43911028 
43908251 43909345 43911181 
3
1 2
0 1 2
0 2
4
44149353 44152855 44156921 44160728 
44149695 44153005 44157363 44161048 
3
0 1 2 3
0 1 3
0 2 3
3
44268861 44271874 44274771 
44269216 44272254 44274812 
3
0 1 2
0 1
1 2
3
44448695 44452076 44456024 
44449181 44452166 44456204 
3
0 1 2
0 2
1 2
3
44583319 44583994 44588065 
44583489 44584432 44588282 
3
0 1 2
0 1
1 2
3
44763836 44767303 44768448 
44764006 44767323 44768598 
2
0 1
0 1 2
3
44828485 44833540 44837309 
44828814 44834002 44837789 
3
1 2
0 1 2
0 1
4
45291682 45295679 45299452 45301193 
45291858 45296178 45299707 45301656 
3
0 1 2 3
0 3
2 3
4
45358117 45358756 45359417 45362513 
45358500 45359011 45359573 45362711 
3
1 3
0 1 2 3
0 1 3
2
45419392 45421233 
45419557 45421694 
1
0 1
2
45472795 45474485 
45472967 45474575 
1
0 1
2
45720784 45725648 
45721203 45726069 
1
0 1
3
45898908 45903285 45907644 
45899245 45903608 45907669 
3
1 2
0 1 2
0 2
3
45961174 45966303 45969501 
45961492 45966728 45969602 
1
0 1 2
3
46023082 46027513 46031724 
46023555 46027958 46031892 
1
1 2
2
46208351 46212407 
46208554 46212786 
1
0 1
4
46266914 46268748 46272799 46277478 
46266959 46269022 46273285 46277547 
3
0 1 2
0 2 3
0 1 2 3
4
46763509 46765014 46768073 46771510 
46763610 46765459 46768384 46771853 
3
1 2 3
0 1 2 3
0 1 2
4
47191276 47194891 47197925 47202428 
47191434 47195066 47197984 47202513 
2
1 2 3
0 1 2 3
2
47255164 47257260 
47255571 47257694 
1
0 1
4
47310124 47312020 47313327 47317026 
47310508 47312452 47313794 47317335 
1
0 1
4
47442463 47447229 47447854 47448769 
47442785 47447290 47448190 47448851 
1
0 1 2
3
47623507 47625188 47626412 
47623551 47625550 47626624 
3
0 2
1 2
0 1 2
3
47747646 47750482 47755765 
47747687 47750841 47755921 
1
1 2
5
47865109 47868320 47872179 47874489 47878356 
47865486 47868742 47872245 47874840 47878674 
2
0 4
0 1 3 4
2
48121094 48125685 
48121437 48125947 
1
0 1
2
48184862 48185949 
48185357 48186351 
1
0 1
3
48304735 48307935 48312295 
48305211 48308423 48312589 
2
0 1
0 1 2
4
48366000 48370807 48374368 48375157 
48366436 48371158 48374825 48375200 
1
0 2 3
4
48549260 48551183 48556308 48560104 
48549534 48551549 48556449 48560580 
3
0 1 2 3
0 1 3
0 2
3
48866489 48869317 48873134 
48866702 48869690 48873429 
3
0 1
1 2
0 2
4
48930118 48930891 48933870 48936448 
48930274 48930915 48934263 48936782 
1
0 1 2
3
48994925 48995219 48996016 
48994997 48995560 48996135 
3
0 1 2
0 1
0 2
3
49054738 49056456 49060825 
49055202 49056606 49061058 
2
0 1 2
1 2
4
49117697 49121921 49124515 49129177 
49118012 49122344 49124990 49129479 
3
0 1 2 3
0 1 2
0 2 3
3
49250999 49252928 49256804 
49251151 49253418 49257123 
2
0 1 2
0 1
5
49308185 49309622 49311070 49315288 49316277 
49308655 49309950 49311556 49315485 49316575 
2
0 1 3 4
0 1 2 4
4
49502111 49506911 49511221 49511754 
49502297 49507218 49511549 49512192 
2
1 3
0 1 2
3
49566280 49570473 49575193 
49566755 49570936 49575574 
2
0 1 2
1 2
4
49925433 49929142 49932492 49936787 
49925487 49929406 49932831 49937024 
3
0 2 3
0 1 3
0 3
4
50053847 50057351 50057981 50059305 
50054202 50057588 50058062 50059569 
1
0 1 2
2
50249779 50251591 
50250278 50251977 
1
0 1
4
50425265 50426461 50430914 50432243 
50425702 50426902 50431034 50432734 
3
1 3
0 1 2 3
0 1
4
50492573 50494544 50499521 50504492 
50492888 50494884 50500006 50504894 
3
0 2 3
0 1 2 3
0 1 2
3
50620374 50621446 50623486 
50620496 50621670 50623743 
2
0 1 2
1 2
3
50674728 50679303 50681433 
50675034 50679323 50681766 
2
0 1
0 2
4
50853875 50856533 50858366 50860445 
50854314 50856978 50858662 50860837 
3
0 1 2 3
1 2 3
1 3
3
50982443 50982950 50987780 
50982648 50983297 50987837 
2
0 1 2
1 2
2
51174650 51176314 
51174970 51176523 
1
0 1
4
51414072 51415687 51419339 51420991 
51414544 51416106 51419430 51421316 
3
0 1 3
0 1 2
1 2 3
3
51601547 51605126 51605875 
51601671 51605334 51605907 
3
0 1 2
1 2
0 2
4
51661770 51665543 51668350 51671142 
51661966 51665809 51668557 51671219 
2
0 1 2 3
0 2 3
4
51724144 51728078 51731546 51732224 
51724596 51728168 51731862 51732304 
3
1 2 3
2 3
0 1 2 3
5
51782415 51782830 51785581 51787990 51793091 
51782705 51783207 51785754 51788124 51793143 
1
1 4
5
51903671 51907637 51909230 51911974 51914203 
51903993 51907940 51909356 51912081 51914248 
1
1 2 3 4
2
52341023 52343361 
52341480 52343491 
1
0 1
3
52518547 52520660 52525199 
52518829 52520944 52525417 
3
1 2
0 1 2
0 2
3
52713182 52715608 52717739 
52713450 52715803 52717886 
3
0 1 2
1 2
0 2
4
52903377 52908371 52912783 52917190 
52903709 52908767 52912882 52917656 
2
1 2 3
0 1 2 3
4
53107212 53109110 53110952 53115935 
53107396 53109225 53110996 53116152 
1
0 1 2 3
4
53650922 53655208 53659929 53664536 
53651142 53655602 53660059 53664754 
2
0 1 2 3
1 3
2
53772456 53776800 
53772747 53777048 
1
0 1
3
54134857 54139168 54141156 
54135345 54139209 54141474 
2
0 1 2
0 2
4
54191710 54196395 54197447 54199673 
54191848 54196808 54197736 54199954 
3
0 2 3
0 1 2 3
1 3
2
54250412 54253805 
54250856 54253973 
1
0 1
3
54310127 54312876 54313943 
54310477 54313310 54314093 
3
1 2
0 2
0 1 2
4
54367834 54372127 54375092 54379132 
54368009 54372215 54375496 54379295 
2
1 2 3
0 1
3
54436051 54439185 54442808 
54436095 54439650 54442879 
3
1 2
0 1 2
0 1
5
54739636 54740129 54741526 54742530 54746900 
54739749 54740464 54741682 54742622 54747065 
1
1 3 4
3
54864631 54865796 54868418 
54865106 54866170 54868625 
3
0 1 2
0 2
0 1
3
55111617 55115789 55117711 
55111789 55116168 55117885 
1
0 2
4
55295547 55297841 55302132 55306074 
55295930 55298316 55302516 55306512 
2
0 1 2 3
0 1 3
3
55358900 55363595 55365057 
55359353 55363629 55365087 
3
0 1 2
0 2
0 1
2
55471340 55474277 
55471762 55474367 
1
0 1
5
55712737 55714443 55715676 55717581 55719079 
55713205 55714482 55716173 55717865 55719376 
1
0 1 2 4
3
55832788 55837411 55839668 
55833181 55837718 55839799 
1
0 1 2
3
55891734 55895888 55899047 
55892167 55895970 55899455 
3
0 1
0 1 2
0 2
3
56141661 56146786 56148799 
56141897 56146832 56149207 
2
0 2
0 1 2
4
56201823 56202877 56207649 56209638 
56202171 56203326 56208128 56209868 
1
0 3
2
56266175 56268005 
56266269 56268221 
1
0 1
3
56575613 56575897 56580334 
56575837 56576112 56580539 
3
0 2
0 1 2
0 1
3
56632677 56635997 56639665 
56632810 56636198 56640004 
3
0 1 2
1 2
0 1
2
56766518 56771132 
56766803 56771556 
1
0 1
3
56880133 56882528 56883460 
56880593 56882863 56883908 
3
0 1 2
0 1
1 2
2
56987685 56990348 
56987992 56990752 
1
0 1
2
57041805 57043016 
57042004 57043323 
1
0 1
3
57402522 57407720 57409904 
57402874 57407898 57409955 
3
0 2
0 1 2
1 2
4
57533403 57536322 57538150 57540953 
57533557 57536455 57538355 57541378 
3
1 3
0 2
0 1 2 3
4
57787369 57787844 57788523 57792283 
57787545 57788017 57788669 57792409 
1
0 1 2 3
3
57975214 57977988 57978729 
57975375 57978286 57978854 
1
0 1 2
4
58221691 58226287 58230151 58234708 
58222058 58226603 58230554 58234859 
1
0 1 2 3
4
58479648 58482859 58486442 58487944 
58479901 58482956 58486542 58488277 
3
0 2 3
0 1 2 3
0 1 2
3
58544287 58545520 58548518 
58544309 58545832 58548695 
2
0 1 2
0 2
3
58676200 58680550 58685966 
58676572 58680990 58686083 
3
0 1 2
1 2
0 2
2
58737021 58740859 
58737458 58741301 
1
0 1
3
58905194 58906878 58910656 
58905590 58907290 58911149 
2
0 1
0 1 2
3
59402960 59405836 59409449 
59403145 59406225 59409516 
1
0 2
2
59592150 59595302 
59592186 59595549 
1
0 1
3
59705449 59707140 59711442 
59705860 59707634 59711589 
1
0 2
2
59770665 59774374 
59770692 59774507 
1
0 1
3
60030877 60032317 60035191 
60031087 60032490 60035369 
1
0 1 2
5
60290302 60295176 60297865 60303171 60305182 
60290350 60295652 60298307 60303620 60305491 
1
0 2
3
60425811 60428244 60432903 
60426240 60428493 60433063 
1
0 1 2
3
60602747 60605064 60605333 
60603044 60605260 60605734 
3
0 1
0 1 2
1 2
5
60849227 60852229 60853586 60857734 60861544 
60849526 60852288 60854045 60858079 60861567 
1
2 3
4
60980038 60981808 60984826 60986123 
60980232 60982209 60984898 60986594 
1
0 1 2 3
2
61042124 61045105 
61042301 61045436 
1
0 1
5
61357733 61362424 61364246 61365223 61366591 
61358151 61362776 61364398 61365287 61366852 
1
1 2
4
61608934 61610894 61612185 61614964 
61609220 61611358 61612571 61615440 
2
0 2 3
1 2
3
61669895 61671797 61676354 
61669922 61672175 61676556 
2
0 1 2
0 1
4
61906767 61907203 61908575 61910921 
61906846 61907664 61908996 61911097 
3
1 2
0 1 2 3
1 2 3
3
61970442 61971925 61976989 
61970824 61972278 61977416 
3
1 2
0 1 2
0 1
4
62035079 62037407 62038900 62041460 
62035327 62037646 62039289 62041917 
3
0 2
0 1
2 3
4
62153486 62154052 62158601 62162299 
62153676 62154072 62159046 62162659 
1
0 1 2 3
5
62218646 62219972 62224540 62225212 62229860 
62218985 62220149 62224815 62225546 62229947 
1
0 1 2 3 4
3
62284648 62288313 62290174 
62284818 62288730 62290389 
3
0 1
1 2
0 1 2
3
62406446 62408792 62411138 
62406628 62409058 62411547 
2
0 1 2
0 1
5
62464894 62466021 62469164 62473941 62477845 
62465199 62466291 62469293 62474355 62478023 
1
0 1
3
62529368 62532858 62534387 
62529761 62533292 62534606 
3
0 1 2
1 2
0 2
5
62593912 62594656 62596554 62600498 62603144 
62594103 62595082 62596779 62600758 62603198 
2
2 4
0 1 2 3
5
62662746 62663155 62663988 62668452 62669127 
62662796 62663401 62664096 62668748 62669315 
2
0 1 3
0 2 3 4
4
62849582 62854789 62857580 62859568 
62849917 62855078 62857787 62859905 
3
1 2 3
2 3
0 3
4
62915924 62918327 62919562 62921914 
62916112 62918698 62919672 62922184 
2
0 1 2 3
2 3
2
63105460 63110722 
63105936 63111039 
1
0 1
4
63167821 63168057 63170945 63172860 
63167870 63168142 63171223 63173161 
3
0 1 3
0 1 2 3
2 3
4
63223199 63223939 63226857 63228580 
63223322 63224117 63227041 63228974 
1
1 2
2
63281705 63286287 
63282200 63286428 
1
0 1
4
63410931 63411394 63412125 63412669 
63411286 63411685 63412349 63412716 
3
0 1 2 3
1 2
0 1 2
2
63470593 63473763 
63470996 63474005 
1
0 1
4
63584820 63586798 63590226 63594305 
63584864 63587241 63590524 63594585 
1
0 1 2 3
4
63782237 63784829 63787194 63787949 
63782351 63785038 63787547 63788336 
3
0 1 2 3
0 3
2 3
3
64037119 64040622 64041743 
64037273 64041104 64042200 
1
0 1
4
64099536 64100017 64103666 64108711 
64099940 64100331 64103882 64109129 
3
0 1 2 3
1 2
2 3
4
64161340 64163987 64166973 64171034 
64161530 64164200 64167454 64171471 
1
0 1 2 3
5
64228651 64233219 64234514 64239423 64242147 
64229031 64233386 64234823 64239628 64242399 
1
0 2 3 4
3
64362939 64367151 64370046 
64363121 64367639 64370155 
2
0 1 2
1 2
2
64481729 64484742 
64482103 64485087 
1
0 1
2
64611428 64614237 
64611783 64614289 
1
0 1
3
64673370 64674746 64675463 
64673767 64675183 64675820 
3
0 1
1 2
0 2
3
64975098 64976022 64976569 
64975159 64976259 64976822 
2
0 1
0 1 2
3
65033922 65034275 65038028 
65034009 65034531 65038198 
2
0 2
0 1 2
4
65094381 65099538 65101773 65104161 
65094721 65099829 65102013 65104539 
3
0 1 2 3
0 1 2
0 1 3
3
65514787 65516712 65520596 
65514874 65516905 65521005 
3
0 1 2
1 2
0 2
5
65687628 65692030 65695274 65695937 65696729 
65687692 65692410 65695437 65696291 65697119 
2
0 1 3 4
0 1 2 3 4
3
65750534 65752676 65753526 
65750750 65753174 65753961 
3
0 2
0 1 2
0 1
3
65878110 65879439 65880771 
65878337 65879697 65881093 
2
0 1 2
0 2
2
65998289 66003579 
65998598 66004058 
1
0 1
5
66057698 66058988 66063452 66065391 66066229 
66057721 66059349 66063636 66065560 66066495 
1
1 2 4
3
66526168 66530816 66532915 
66526525 66531299 66532946 
1
0 1 2
4
66649178 66651433 66653016 66656220 
66649548 66651690 66653293 66656298 
3
0 1 3
1 2
0 1 2 3
3
66714341 66716714 66717784 
66714825 66717136 66717937 
3
0 2
1 2
0 1 2
5
66900961 66903994 66906793 66910566 66912402 
66901203 66904259 66907020 66910961 66912424 
2
0 3
0 1
2
66969084 66973781 
66969351 66973959 
1
0 1
4
67095824 67099247 67101470 67104845 
67096244 67099661 67101900 67105163 
2
0 1 2 3
0 1 2
3
67228411 67232015 67235482 
67228730 67232455 67235618 
2
0 1
0 2
4
67292999 67294493 67298843 67299094 
67293445 67294918 67298962 67299526 
3
0 1 2 3
0 1 3
0 2
3
67357553 67361102 67364134 
67357631 67361466 67364244 
2
0 1 2
0 1
5
67534026 67537123 67542404 67544005 67546390 
67534089 67537590 67542785 67544366 67546673 
1
0 1 2 3
4
67671962 67672949 67677263 67678117 
67672283 67673156 67677607 67678581 
3
0 1 3
0 1 2 3
1 2
3
67786044 67787491 67791551 
67786119 67787740 67791960 
3
0 1 2
0 2
0 1
4
67843466 67846712 67850109 67855100 
67843837 67846958 67850456 67855189 
1
1 2 3
